{
  "bet_buttons": [25, 50, 100, 150],
  "currency": "RUB",
  "min_bet": 25,
  "max_bet": 10000,
  "bet_step": 1,
  "coefficients": {
    "result": [
      3.5, 3.2, 3.0, 2.8, 2.6, 2.4, 2.2,
      3.2, 2.9, 2.7, 2.5, 2.3, 2.1, 2.0,
      3.0, 2.7, 2.5, 2.3, 2.1, 2.0, 1.9,
      2.8, 2.5, 2.3, 2.1, 2.0, 1.9, 1.8,
      2.6, 2.3, 2.1, 2.0, 1.9, 1.8, 1.7,
      2.4, 2.1, 2.0, 1.9, 1.8, 1.7, 1.6,
      2.2, 2.0, 1.9, 1.8, 1.7, 1.6, 1.5
    ],
    "overtaking": [
      1.0, 2.1, 2.2, 2.3, 2.4, 2.5, 2.6,
      1.8, 1.0, 2.1, 2.2, 2.3, 2.4, 2.5,
      1.7, 1.8, 1.0, 2.1, 2.2, 2.3, 2.4,
      1.6, 1.7, 1.8, 1.0, 2.1, 2.2, 2.3,
      1.5, 1.6, 1.7, 1.8, 1.0, 2.1, 2.2,
      1.4, 1.5, 1.6, 1.7, 1.8, 1.0, 2.1,
      1.3, 1.4, 1.5, 1.6, 1.7, 1.8, 1.0
    ],
    "section": {
      "1": 2.28,
      "2": 2.3,
      "3": 2.1,
      "4": 2.0,
      "5": 2.2,
      "6": 2.1,
      "7": 2.1
    }
  }
}